1 		  DOHA 	9 	  	48029 	0.02 	12.53 	
2 		  CLIMATE 	8 	  	1202767 	0.00 	7.72 	
3 		  CONFERENCE 	7 	  	1752286 	0.00 	6.98 	
4 		  QATAR 	6 	  	165177 	0.00 	10.17 	
5 		  CITES 	5 	  	63456 	0.01 	11.28 	
6 		  2012 	4 	  	1419690 	0.00 	6.48 	
7 		  PARTIES 	4 	  	1475433 	0.00 	6.42 	
8 		  UNITED 	4 	  	3884550 	0.00 	5.03 	
9 		  WEEK 	4 	  	6478797 	0.00 	4.29 	
10 		  UN 	3 	  	631318 	0.00 	7.23 	
11 		  NATIONS 	3 	  	1122534 	0.00 	6.40 	
12 		  TOOK 	3 	  	3908700 	0.00 	4.60 	
13 		  CHANGE 	3 	  	4516379 	0.00 	4.39 	
14 		  DAY 	3 	  	9047091 	0.00 	3.39 	
15 		  EBITDA 	2 	  	104471 	0.00 	9.24 	
16 		  HOSTED 	2 	  	379491 	0.00 	7.38 	
17 		  NEGOTIATIONS 	2 	  	414928 	0.00 	7.25 	
18 		  TALKS 	2 	  	952802 	0.00 	6.05 	
19 		  YOUTH 	2 	  	1211069 	0.00 	5.71 	
20 		  DECEMBER 	2 	  	2154016 	0.00 	4.88 	
21 		  POSITION 	2 	  	2167142 	0.00 	4.87 	
22 		  AHEAD 	2 	  	2198744 	0.00 	4.85 	
23 		  MEETING 	2 	  	2894214 	0.00 	4.45 	
24 		  TODAY 	2 	  	5207562 	0.00 	3.60 	
25 		  SECOND 	2 	  	5365104 	0.00 	3.56 	
26 		  PLACE 	2 	  	5557006 	0.00 	3.51 	
27 		  NATIONS-SPONSORED 	1 	  	212 	0.47 	17.19 	
28 		  UNFCCC 	1 	  	5068 	0.02 	12.61 	
29 		  TIVOLI 	1 	  	7709 	0.01 	12.00 	
30 		  VU 	1 	  	19864 	0.01 	10.64 	
31 		  DLAMINI 	1 	  	34290 	0.00 	9.85 	
32 		  STANDARDIZED 	1 	  	35448 	0.00 	9.80 	
33 		  MULTILATERAL 	1 	  	47287 	0.00 	9.39 	
34 		  LAST-MINUTE 	1 	  	55398 	0.00 	9.16 	
35 		  TROPHIES 	1 	  	74160 	0.00 	8.74 	
36 		  MITIGATION 	1 	  	79061 	0.00 	8.64 	
37 		  FORMATS 	1 	  	79200 	0.00 	8.64 	
38 		  FORUMS 	1 	  	94453 	0.00 	8.39 	
39 		  MANDATED 	1 	  	95444 	0.00 	8.37 	
40 		  GENEVA 	1 	  	98888 	0.00 	8.32 	
41 		  HEATED 	1 	  	115721 	0.00 	8.09 	
42 		  VERIFICATION 	1 	  	127728 	0.00 	7.95 	
43 		  NEGOTIATING 	1 	  	139883 	0.00 	7.82 	
44 		  DURBAN 	1 	  	146194 	0.00 	7.76 	
45 		  MEDALS 	1 	  	161139 	0.00 	7.62 	
46 		  CORPORATIONS 	1 	  	190104 	0.00 	7.38 	
47 		  DELIVERS 	1 	  	194126 	0.00 	7.35 	
48 		  INCHES 	1 	  	198208 	0.00 	7.32 	
49 		  DELEGATION 	1 	  	206184 	0.00 	7.26 	
50 		  SILENT 	1 	  	219352 	0.00 	7.17 	
51 		  GARDENS 	1 	  	235123 	0.00 	7.07 	
52 		  JOHANNESBURG 	1 	  	239630 	0.00 	7.04 	
53 		  RESOLVED 	1 	  	243066 	0.00 	7.02 	
54 		  DEFEATED 	1 	  	249579 	0.00 	6.99 	
55 		  HOSTING 	1 	  	272464 	0.00 	6.86 	
56 		  ROBUST 	1 	  	280921 	0.00 	6.81 	
57 		  TRILLION 	1 	  	301422 	0.00 	6.71 	
58 		  FAME 	1 	  	382903 	0.00 	6.37 	
59 		  J 	1 	  	386749 	0.00 	6.35 	
60 		  TARGETS 	1 	  	449116 	0.00 	6.14 	
61 		  REGIME 	1 	  	451891 	0.00 	6.13 	
62 		  AGENDA 	1 	  	499308 	0.00 	5.98 	
63 		  MINISTERS 	1 	  	516964 	0.00 	5.93 	
64 		  BANGLADESH 	1 	  	525821 	0.00 	5.91 	
65 		  SUMMIT 	1 	  	532400 	0.00 	5.89 	
66 		  REPRESENTATIVE 	1 	  	538834 	0.00 	5.87 	
67 		  LANKA 	1 	  	596787 	0.00 	5.73 	
68 		  UPCOMING 	1 	  	666939 	0.00 	5.57 	
69 		  INDEED 	1 	  	759347 	0.00 	5.38 	
70 		  FINISH 	1 	  	818907 	0.00 	5.27 	
71 		  SRI 	1 	  	826009 	0.00 	5.26 	
72 		  FEMALE 	1 	  	895539 	0.00 	5.14 	
73 		  ROSE 	1 	  	904657 	0.00 	5.13 	
74 		  CONCERN 	1 	  	923288 	0.00 	5.10 	
75 		  TABLE 	1 	  	933517 	0.00 	5.08 	
76 		  DIFFERENCE 	1 	  	940763 	0.00 	5.07 	
77 		  LOCATION 	1 	  	976249 	0.00 	5.02 	
78 		  ENGLISH 	1 	  	1013774 	0.00 	4.96 	
79 		  MOVING 	1 	  	1297103 	0.00 	4.61 	
80 		  CANADIAN 	1 	  	1337338 	0.00 	4.56 	
81 		  CALLING 	1 	  	1350367 	0.00 	4.55 	
82 		  BUILD 	1 	  	1618117 	0.00 	4.29 	
83 		  TOWARDS 	1 	  	1708294 	0.00 	4.21 	
84 		  ALLOW 	1 	  	1749677 	0.00 	4.18 	
85 		  6 	1 	  	1831650 	0.00 	4.11 	
86 		  VARIOUS 	1 	  	2011598 	0.00 	3.97 	
87 		  PERFORMANCE 	1 	  	2393606 	0.00 	3.72 	
88 		  ENSURE 	1 	  	2446153 	0.00 	3.69 	
89 		  FORWARD 	1 	  	2507598 	0.00 	3.66 	
90 		  AFRICA 	1 	  	2557766 	0.00 	3.63 	
91 		  NEEDS 	1 	  	2605445 	0.00 	3.60 	
92 		  ACTION 	1 	  	2638909 	0.00 	3.58 	
93 		  ISSUE 	1 	  	2909912 	0.00 	3.44 	
94 		  DECISION 	1 	  	2919755 	0.00 	3.44 	
95 		  ISSUES 	1 	  	2980197 	0.00 	3.41 	
96 		  HELD 	1 	  	2998712 	0.00 	3.40 	
97 		  CURRENT 	1 	  	3032327 	0.00 	3.38 	
98 		  EXPECTED 	1 	  	3044812 	0.00 	3.38 	
99 		  TAKING 	1 	  	3051606 	0.00 	3.37 	
100 		  MAJOR 	1 	  	3187123 	0.00 	3.31 	