1 		  ( 	203 	  	42632855 	0.00 	4.15 	
2 		  ) 	202 	  	43067744 	0.00 	4.13 	
3 		  PARTIES 	181 	  	1475433 	0.01 	8.84 	
4 		  CONFERENCE 	60 	  	1752286 	0.00 	7.00 	
5 		  MARRAKECH 	46 	  	6262 	0.73 	14.74 	
6 		  CLIMATE 	45 	  	1202767 	0.00 	7.13 	
7 		  CHANGE 	27 	  	4516379 	0.00 	4.48 	
8 		  MOROCCO 	21 	  	86962 	0.02 	9.82 	
9 		  MARRAKESH 	17 	  	3913 	0.43 	13.99 	
10 		  NOVEMBER 	11 	  	2023572 	0.00 	4.34 	
11 		  AFRICA 	11 	  	2557766 	0.00 	4.01 	
12 		  COMMEMORATION 	9 	  	44827 	0.02 	9.55 	
13 		  THEME 	9 	  	420923 	0.00 	6.32 	
14 		  AHEAD 	8 	  	2198744 	0.00 	3.76 	
15 		  MEETING 	8 	  	2894214 	0.00 	3.37 	
16 		  2016 	8 	  	3563473 	0.00 	3.07 	
17 		  SEGMENT 	7 	  	431351 	0.00 	5.92 	
18 		  LEVEL 	7 	  	3009254 	0.00 	3.12 	
19 		  UN 	6 	  	631318 	0.00 	5.15 	
20 		  BEGAN 	6 	  	1726720 	0.00 	3.70 	
21 		  KNOWN 	6 	  	2725592 	0.00 	3.04 	
22 		  MEZOUAR 	5 	  	171 	2.92 	16.74 	
23 		  SUMMIT 	5 	  	532400 	0.00 	5.13 	
24 		  PARIS 	5 	  	677071 	0.00 	4.79 	
25 		  SESSION 	5 	  	847785 	0.00 	4.46 	
26 		  TALKS 	5 	  	952802 	0.00 	4.29 	
27 		  LAUNCHED 	5 	  	1264774 	0.00 	3.88 	
28 		  PAKISTAN 	5 	  	2312999 	0.00 	3.01 	
29 		  UNFCCC 	4 	  	5068 	0.08 	11.53 	
30 		  CONJUNCTION 	4 	  	107545 	0.00 	7.12 	
31 		  ATTENDING 	4 	  	321376 	0.00 	5.54 	
32 		  BEGINS 	4 	  	424607 	0.00 	5.14 	
33 		  HOST 	4 	  	1011644 	0.00 	3.88 	
34 		  IISD 	3 	  	1679 	0.18 	12.70 	
35 		  CMP 	3 	  	7077 	0.04 	10.63 	
36 		  NEGOTIATORS 	3 	  	37900 	0.01 	8.21 	
37 		  22ND 	3 	  	80829 	0.00 	7.12 	
38 		  NEGOTIATIONS 	3 	  	414928 	0.00 	4.76 	
39 		  REPRESENTING 	3 	  	425015 	0.00 	4.72 	
40 		  AGENDA 	3 	  	499308 	0.00 	4.49 	
41 		  UPCOMING 	3 	  	666939 	0.00 	4.07 	
42 		  COVERAGE 	3 	  	751155 	0.00 	3.90 	
43 		  OPENED 	3 	  	1103159 	0.00 	3.34 	
44 		  21 	3 	  	1240682 	0.00 	3.18 	
45 		  SALAHEDDINE 	2 	  	360 	0.56 	14.34 	
46 		  COP21 	2 	  	5330 	0.04 	10.45 	
47 		  PAVILION 	2 	  	62253 	0.00 	6.91 	
48 		  BILLED 	2 	  	66118 	0.00 	6.82 	
49 		  STAGING 	2 	  	74645 	0.00 	6.65 	
50 		  HIGH-LEVEL 	2 	  	90559 	0.00 	6.37 	
51 		  MINISTERIAL 	2 	  	96161 	0.00 	6.28 	
52 		  2025 	2 	  	131982 	0.00 	5.82 	
53 		  FORTHCOMING 	2 	  	149116 	0.00 	5.65 	
54 		  CONSISTS 	2 	  	153809 	0.00 	5.60 	
55 		  COMMITMENTS 	2 	  	178977 	0.00 	5.38 	
56 		  MUHAMMADU 	2 	  	214619 	0.00 	5.12 	
57 		  SEGMENTS 	2 	  	237121 	0.00 	4.98 	
58 		  EVE 	2 	  	241631 	0.00 	4.95 	
59 		  PREMISES 	2 	  	254933 	0.00 	4.87 	
60 		  UNDERWAY 	2 	  	258429 	0.00 	4.85 	
61 		  MAINSTREAM 	2 	  	267152 	0.00 	4.81 	
62 		  OPENS 	2 	  	290715 	0.00 	4.68 	
63 		  DISTRIBUTED 	2 	  	310462 	0.00 	4.59 	
64 		  STABILITY 	2 	  	344244 	0.00 	4.44 	
65 		  SO-CALLED 	2 	  	351726 	0.00 	4.41 	
66 		  PREPARING 	2 	  	363006 	0.00 	4.36 	
67 		  HOSTED 	2 	  	379491 	0.00 	4.30 	
68 		  TURKEY 	2 	  	478759 	0.00 	3.96 	
69 		  DISCUSSED 	2 	  	489790 	0.00 	3.93 	
70 		  MEETINGS 	2 	  	574426 	0.00 	3.70 	
71 		  BUHARI 	2 	  	608834 	0.00 	3.62 	
72 		  NOV 	2 	  	634193 	0.00 	3.56 	
73 		  LARGELY 	2 	  	685922 	0.00 	3.45 	
74 		  PRESENTED 	2 	  	797510 	0.00 	3.23 	
75 		  COMMITMENT 	2 	  	801928 	0.00 	3.22 	
76 		  GOVERNMENTS 	2 	  	852858 	0.00 	3.13 	
77 		  DJERI-ALASSANI 	1 	  	10 	10.00 	18.51 	
78 		  CONFEENCE 	1 	  	14 	7.14 	18.03 	
79 		  MARAKECH 	1 	  	24 	4.17 	17.25 	
80 		  MAHLUNG 	1 	  	82 	1.22 	15.48 	
81 		  PRESIDENT-DESIGNATE 	1 	  	352 	0.28 	13.37 	
82 		  PRE-2020 	1 	  	762 	0.13 	12.26 	
83 		  7-18 	1 	  	902 	0.11 	12.02 	
84 		  SUBSOIL 	1 	  	1725 	0.06 	11.08 	
85 		  GENDER-BALANCED 	1 	  	1769 	0.06 	11.04 	
86 		  LOW-EMISSIONS 	1 	  	1860 	0.05 	10.97 	
87 		  CLIMATE-CHANGE 	1 	  	7169 	0.01 	9.03 	
88 		  H.E 	1 	  	10454 	0.01 	8.48 	
89 		  SHORTHAND 	1 	  	12034 	0.01 	8.28 	
90 		  VIDE 	1 	  	12689 	0.01 	8.20 	
91 		  BATTLEGROUNDS 	1 	  	12859 	0.01 	8.18 	
92 		  TWELFTH 	1 	  	12880 	0.01 	8.18 	
93 		  OPPORTUNE 	1 	  	14353 	0.01 	8.02 	
94 		  197 	1 	  	14408 	0.01 	8.02 	
95 		  CONVENING 	1 	  	14491 	0.01 	8.01 	
96 		  APA 	1 	  	16023 	0.01 	7.87 	
97 		  SPRINGBOARD 	1 	  	18677 	0.01 	7.64 	
98 		  TOGO 	1 	  	20361 	0.00 	7.52 	
99 		  SUMMITS 	1 	  	22092 	0.00 	7.40 	
100 		  DELEGATIONS 	1 	  	22122 	0.00 	7.40 	