1 		  ) 	16 	  	43067744 	0.00 	3.27 	
2 		  ( 	15 	  	42632855 	0.00 	3.20 	
3 		  PARTIES 	12 	  	1475433 	0.00 	7.73 	
4 		  LIMA 	11 	  	66367 	0.02 	12.08 	
5 		  CLIMATE 	8 	  	1202767 	0.00 	7.44 	
6 		  CONFERENCE 	7 	  	1752286 	0.00 	6.70 	
7 		  BEING 	5 	  	10953382 	0.00 	3.57 	
8 		  UN 	4 	  	631318 	0.00 	7.37 	
9 		  CHANGE 	4 	  	4516379 	0.00 	4.53 	
10 		  PRESIDENT 	4 	  	7555904 	0.00 	3.79 	
11 		  NEGOTIATIONS 	3 	  	414928 	0.00 	7.56 	
12 		  CARBON 	3 	  	493313 	0.00 	7.31 	
13 		  HEADS 	3 	  	522265 	0.00 	7.22 	
14 		  PREPARED 	3 	  	770034 	0.00 	6.66 	
15 		  TALKS 	3 	  	952802 	0.00 	6.36 	
16 		  AGO 	3 	  	3095076 	0.00 	4.66 	
17 		  UNITED 	3 	  	3884550 	0.00 	4.33 	
18 		  NEXT 	3 	  	6538258 	0.00 	3.58 	
19 		  UNDER 	3 	  	7256762 	0.00 	3.43 	
20 		  UNFCCC 	2 	  	5068 	0.04 	13.33 	
21 		  PERU 	2 	  	84167 	0.00 	9.27 	
22 		  FOOTPRINT 	2 	  	135368 	0.00 	8.59 	
23 		  INDIGENOUS 	2 	  	456278 	0.00 	6.83 	
24 		  DISCUSSED 	2 	  	489790 	0.00 	6.73 	
25 		  PARTICIPANTS 	2 	  	597219 	0.00 	6.45 	
26 		  PARIS 	2 	  	677071 	0.00 	6.27 	
27 		  EXPRESSED 	2 	  	1106311 	0.00 	5.56 	
28 		  OPPOSITION 	2 	  	1208603 	0.00 	5.43 	
29 		  CONSIDERED 	2 	  	1243692 	0.00 	5.39 	
30 		  CANADIAN 	2 	  	1337338 	0.00 	5.28 	
31 		  CONCERNS 	2 	  	1377251 	0.00 	5.24 	
32 		  CALLED 	2 	  	3855663 	0.00 	3.76 	
33 		  USED 	2 	  	5374604 	0.00 	3.28 	
34 		  PARNHAM 	1 	  	539 	0.19 	15.56 	
35 		  REDD+ 	1 	  	1781 	0.06 	13.84 	
36 		  METTLE 	1 	  	16921 	0.01 	10.59 	
37 		  UNDERLINE 	1 	  	18372 	0.01 	10.47 	
38 		  SUMMITS 	1 	  	22092 	0.00 	10.20 	
39 		  SUPERFICIAL 	1 	  	26816 	0.00 	9.92 	
40 		  DEFORESTATION 	1 	  	35167 	0.00 	9.53 	
41 		  BOOMERS 	1 	  	38110 	0.00 	9.42 	
42 		  ON-GOING 	1 	  	44739 	0.00 	9.18 	
43 		  PUNCHES 	1 	  	54738 	0.00 	8.89 	
44 		  OBSESSED 	1 	  	82725 	0.00 	8.30 	
45 		  U.N 	1 	  	101757 	0.00 	8.00 	
46 		  RECKLESS 	1 	  	102312 	0.00 	7.99 	
47 		  TURNAROUND 	1 	  	102565 	0.00 	7.99 	
48 		  TRANSLATED 	1 	  	103844 	0.00 	7.97 	
49 		  NAN 	1 	  	146713 	0.00 	7.47 	
50 		  VACATION 	1 	  	152656 	0.00 	7.41 	
51 		  MEDALS 	1 	  	161139 	0.00 	7.34 	
52 		  INEVITABLE 	1 	  	175782 	0.00 	7.21 	
53 		  DELEGATION 	1 	  	206184 	0.00 	6.98 	
54 		  REMEMBERED 	1 	  	211137 	0.00 	6.95 	
55 		  PLEADED 	1 	  	278117 	0.00 	6.55 	
56 		  PRESIDENCY 	1 	  	319343 	0.00 	6.35 	
57 		  METRES 	1 	  	327386 	0.00 	6.31 	
58 		  SUSPENSION 	1 	  	337198 	0.00 	6.27 	
59 		  MOMENTUM 	1 	  	347513 	0.00 	6.23 	
60 		  ARRIVE 	1 	  	351848 	0.00 	6.21 	
61 		  CAMERAS 	1 	  	360286 	0.00 	6.18 	
62 		  REDUCTION 	1 	  	447250 	0.00 	5.86 	
63 		  MELBOURNE 	1 	  	450238 	0.00 	5.85 	
64 		  SYRIA 	1 	  	499521 	0.00 	5.70 	
65 		  MEETINGS 	1 	  	574426 	0.00 	5.50 	
66 		  INJURED 	1 	  	789735 	0.00 	5.04 	
67 		  KOREA 	1 	  	792115 	0.00 	5.04 	
68 		  CHRIS 	1 	  	820410 	0.00 	4.99 	
69 		  WAIT 	1 	  	963349 	0.00 	4.76 	
70 		  ABUSE 	1 	  	1002022 	0.00 	4.70 	
71 		  CHALLENGES 	1 	  	1282398 	0.00 	4.34 	
72 		  OPPORTUNITIES 	1 	  	1306734 	0.00 	4.32 	
73 		  FUNDING 	1 	  	1332648 	0.00 	4.29 	
74 		  ELSE 	1 	  	1332779 	0.00 	4.29 	
75 		  FINALLY 	1 	  	1365873 	0.00 	4.25 	
76 		  GOLD 	1 	  	1449776 	0.00 	4.17 	
77 		  TARGET 	1 	  	1450124 	0.00 	4.17 	
78 		  NOTE 	1 	  	1661018 	0.00 	3.97 	
79 		  TOWARDS 	1 	  	1708294 	0.00 	3.93 	
80 		  2014 	1 	  	1897185 	0.00 	3.78 	
81 		  GOAL 	1 	  	1939745 	0.00 	3.75 	
82 		  ANYTHING 	1 	  	1972596 	0.00 	3.72 	
83 		  NOTHING 	1 	  	2062311 	0.00 	3.66 	
84 		  MINUTES 	1 	  	2102345 	0.00 	3.63 	
85 		  DECEMBER 	1 	  	2154016 	0.00 	3.60 	
86 		  EVERYONE 	1 	  	2294477 	0.00 	3.50 	
87 		  CANADA 	1 	  	2312104 	0.00 	3.49 	
88 		  STAR 	1 	  	2314645 	0.00 	3.49 	
89 		  RESULTS 	1 	  	2321317 	0.00 	3.49 	
90 		  AUSTRALIA 	1 	  	2346094 	0.00 	3.47 	
91 		  COST 	1 	  	2451355 	0.00 	3.41 	
92 		  MEANS 	1 	  	2473423 	0.00 	3.40 	
93 		  KEY 	1 	  	2668209 	0.00 	3.29 	
94 		  EVENT 	1 	  	2897583 	0.00 	3.17 	
95 		  MOVE 	1 	  	2919068 	0.00 	3.16 	
96 		  ISSUES 	1 	  	2980197 	0.00 	3.13 	
97 		  HELD 	1 	  	2998712 	0.00 	3.12 	
98 		  LEVEL 	1 	  	3009254 	0.00 	3.11 	
99 		  EXPECTED 	1 	  	3044812 	0.00 	3.10 	
100 		  STARTED 	1 	  	3058366 	0.00 	3.09 	